Date;Time;Global_active_power;Global_reactive_power;Voltage;Global_intensity;Sub_metering_1;Sub_metering_2;Sub_metering_3
16/12/2006;17:24:00;4.216;0.418;234.840;18.400;0.000;1.000;17.0
16/12/2006;17:25:00;5.360;0.436;233.630;23.000;0.000;1.000;16.0
16/12/2006;17:26:00;5.374;0.498;233.290;23.000;0.000;2.000;17.0
16/12/2006;17:27:00;5.388;0.502;233.740;23.000;0.000;1.000;17.0
16/12/2006;17:28:00;3.666;0.528;235.680;15.800;0.000;1.000;17.0
16/12/2006;17:29:00;3.520;0.522;235.020;15.000;0.000;2.000;17.0
16/12/2006;17:30:00;3.702;0.520;235.090;15.800;0.000;1.000;17.0
16/12/2006;17:31:00;3.700;0.520;235.220;15.800;0.000;1.000;17.0
16/12/2006;17:32:00;3.668;0.510;233.990;15.800;0.000;1.000;17.0
16/12/2006;17:33:00;3.662;0.510;233.860;15.800;0.000;2.000;16.0
16/12/2006;17:34:00;4.448;0.498;232.860;19.600;0.000;1.000;17.0
16/12/2006;17:35:00;5.412;0.470;232.780;23.200;0.000;1.000;17.0
16/12/2006;17:36:00;5.224;0.478;232.990;22.400;0.000;1.000;16.0
16/12/2006;17:37:00;5.268;0.398;232.910;22.600;0.000;2.000;17.0
16/12/2006;17:38:00;4.054;0.422;235.240;17.600;0.000;1.000;17.0
16/12/2006;17:39:00;3.384;0.282;237.140;14.200;0.000;0.000;17.0
16/12/2006;17:40:00;3.270;0.152;236.730;13.800;0.000;0.000;17.0
16/12/2006;17:41:00;3.430;0.156;237.060;14.400;0.000;0.000;17.0
16/12/2006;17:42:00;3.266;0.000;237.130;13.800;0.000;0.000;18.0
16/12/2006;17:43:00;3.728;0.000;235.840;16.400;0.000;0.000;17.0
16/12/2006;17:44:00;5.894;0.000;232.690;25.400;0.000;0.000;16.0
16/12/2006;17:45:00;7.706;0.000;230.980;33.200;0.000;0.000;17.0
16/12/2006;17:46:00;7.026;0.000;232.210;30.600;0.000;0.000;16.0
16/12/2006;17:47:00;5.174;0.000;234.190;22.000;0.000;0.000;17.0
16/12/2006;17:48:00;4.474;0.000;234.960;19.400;0.000;0.000;17.0
16/12/2006;17:49:00;3.248;0.000;236.660;13.600;0.000;0.000;17.0
16/12/2006;17:50:00;3.236;0.000;235.840;13.600;0.000;0.000;17.0
16/12/2006;17:51:00;3.228;0.000;235.600;13.600;0.000;0.000;17.0
16/12/2006;17:52:00;3.258;0.000;235.490;13.800;0.000;0.000;17.0
16/12/2006;17:53:00;3.178;0.000;235.280;13.400;0.000;0.000;17.0
16/12/2006;17:54:00;2.720;0.000;235.060;11.600;0.000;0.000;17.0
16/12/2006;17:55:00;3.758;0.076;234.170;16.400;0.000;0.000;17.0
16/12/2006;17:56:00;4.342;0.090;233.770;18.400;0.000;0.000;16.0
16/12/2006;17:57:00;4.512;0.000;233.620;19.200;0.000;0.000;17.0
16/12/2006;17:58:00;4.058;0.200;234.680;17.600;0.000;0.000;17.0
16/12/2006;17:59:00;2.472;0.058;236.940;10.400;0.000;0.000;17.0
16/12/2006;18:00:00;2.790;0.180;237.520;11.800;0.000;0.000;18.0
16/12/2006;18:01:00;2.624;0.144;238.200;11.000;0.000;0.000;17.0
16/12/2006;18:02:00;2.772;0.118;238.280;11.600;0.000;0.000;17.0
16/12/2006;18:03:00;3.740;0.108;236.930;16.400;0.000;16.000;18.0
16/12/2006;18:04:00;4.928;0.202;235.010;21.000;0.000;37.000;16.0
16/12/2006;18:05:00;6.052;0.192;232.930;26.200;0.000;37.000;17.0
16/12/2006;18:06:00;6.752;0.186;232.120;29.000;0.000;36.000;17.0
16/12/2006;18:07:00;6.474;0.144;231.850;27.800;0.000;37.000;16.0
16/12/2006;18:08:00;6.308;0.116;232.250;27.000;0.000;36.000;17.0
16/12/2006;18:09:00;4.464;0.136;234.660;19.000;0.000;37.000;16.0
16/12/2006;18:10:00;3.396;0.148;236.200;15.000;0.000;22.000;18.0
16/12/2006;18:11:00;3.090;0.152;237.070;13.800;0.000;12.000;17.0
16/12/2006;18:12:00;3.730;0.144;235.780;16.400;0.000;27.000;17.0
16/12/2006;18:13:00;2.308;0.160;237.430;9.600;0.000;1.000;17.0
16/12/2006;18:14:00;2.388;0.158;237.260;10.000;0.000;1.000;17.0
16/12/2006;18:15:00;4.598;0.100;234.250;21.400;0.000;20.000;17.0
16/12/2006;18:16:00;4.524;0.076;234.200;19.600;0.000;9.000;17.0
16/12/2006;18:17:00;4.202;0.082;234.310;17.800;0.000;1.000;17.0
16/12/2006;18:18:00;4.472;0.000;233.290;19.200;0.000;1.000;16.0
16/12/2006;18:19:00;2.852;0.000;235.610;12.000;0.000;1.000;17.0
16/12/2006;18:20:00;2.928;0.000;235.250;12.400;0.000;1.000;17.0
16/12/2006;18:21:00;2.940;0.000;236.040;12.400;0.000;2.000;17.0
16/12/2006;18:22:00;2.934;0.000;235.510;12.400;0.000;1.000;17.0
16/12/2006;18:23:00;2.926;0.000;235.680;12.400;0.000;1.000;17.0
16/12/2006;18:24:00;3.452;0.000;235.200;15.200;0.000;1.000;17.0
16/12/2006;18:25:00;4.870;0.000;233.740;20.800;0.000;1.000;17.0
16/12/2006;18:26:00;4.868;0.000;233.840;20.800;0.000;1.000;17.0
16/12/2006;18:27:00;4.866;0.000;233.790;20.800;0.000;1.000;17.0
16/12/2006;18:28:00;3.176;0.000;235.500;13.800;0.000;1.000;17.0
16/12/2006;18:29:00;2.920;0.000;235.840;12.400;0.000;1.000;17.0
16/12/2006;18:30:00;2.930;0.000;236.150;12.400;0.000;1.000;17.0
16/12/2006;18:31:00;2.912;0.050;235.810;12.400;0.000;1.000;17.0
16/12/2006;18:32:00;2.608;0.052;235.410;11.000;0.000;1.000;17.0
16/12/2006;18:33:00;2.714;0.162;234.820;11.600;0.000;0.000;17.0
16/12/2006;18:34:00;3.538;0.086;233.760;15.600;0.000;1.000;16.0
16/12/2006;18:35:00;6.072;0.000;232.480;26.400;0.000;27.000;17.0
16/12/2006;18:36:00;4.536;0.000;233.540;19.400;0.000;1.000;17.0
16/12/2006;18:37:00;4.408;0.000;232.320;18.800;0.000;1.000;16.0
16/12/2006;18:38:00;2.912;0.048;234.020;13.000;0.000;1.000;17.0
16/12/2006;18:39:00;2.326;0.054;234.760;9.800;0.000;1.000;17.0
16/12/2006;18:40:00;2.264;0.054;234.670;9.600;0.000;1.000;17.0
16/12/2006;18:41:00;2.270;0.054;235.270;9.600;0.000;1.000;17.0
16/12/2006;18:42:00;2.258;0.054;235.120;9.600;0.000;1.000;17.0
16/12/2006;18:43:00;2.188;0.068;235.800;9.200;0.000;1.000;17.0
16/12/2006;18:44:00;2.978;0.166;234.810;13.200;0.000;1.000;17.0
16/12/2006;18:45:00;4.200;0.174;234.380;17.800;0.000;1.000;17.0
16/12/2006;18:46:00;4.204;0.186;234.200;17.800;0.000;1.000;16.0
16/12/2006;18:47:00;4.218;0.178;233.980;18.000;0.000;1.000;17.0
16/12/2006;18:48:00;2.786;0.188;234.990;12.000;0.000;2.000;17.0
16/12/2006;18:49:00;2.540;0.088;234.670;10.800;0.000;4.000;17.0
16/12/2006;18:50:00;2.496;0.080;233.920;10.600;0.000;3.000;17.0
16/12/2006;18:51:00;2.336;0.070;233.510;10.000;0.000;1.000;16.0
16/12/2006;18:52:00;2.322;0.000;233.440;9.800;0.000;0.000;17.0
16/12/2006;18:53:00;2.448;0.000;233.640;10.600;0.000;1.000;17.0
16/12/2006;18:54:00;4.298;0.000;232.390;18.400;0.000;1.000;16.0
16/12/2006;18:55:00;4.230;0.090;232.250;18.200;0.000;1.000;17.0
16/12/2006;18:56:00;4.230;0.090;232.320;18.200;0.000;2.000;16.0
16/12/2006;18:57:00;3.924;0.084;232.790;17.000;0.000;1.000;17.0
16/12/2006;18:58:00;4.218;0.090;232.090;18.000;0.000;1.000;17.0
16/12/2006;18:59:00;4.224;0.090;231.960;18.200;0.000;1.000;16.0
16/12/2006;19:00:00;4.070;0.088;231.990;17.400;0.000;1.000;17.0
16/12/2006;19:01:00;3.612;0.090;232.360;15.600;0.000;2.000;16.0
16/12/2006;19:02:00;3.458;0.090;232.710;14.800;0.000;1.000;17.0
16/12/2006;19:03:00;3.434;0.090;232.010;14.800;0.000;1.000;16.0
16/12/2006;19:04:00;3.366;0.000;232.780;14.400;0.000;1.000;17.0
16/12/2006;19:05:00;3.404;0.082;233.080;14.600;0.000;2.000;16.0
16/12/2006;19:06:00;3.382;0.074;233.690;14.400;0.000;0.000;17.0
16/12/2006;19:07:00;3.616;0.106;234.440;15.400;0.000;4.000;17.0
16/12/2006;19:08:00;3.476;0.092;234.600;14.800;0.000;3.000;17.0
16/12/2006;19:09:00;3.394;0.064;235.120;14.400;0.000;0.000;17.0
16/12/2006;19:10:00;3.400;0.000;234.280;14.400;0.000;1.000;17.0
16/12/2006;19:11:00;3.414;0.000;234.190;14.400;0.000;1.000;17.0
16/12/2006;19:12:00;3.432;0.000;234.690;14.600;0.000;1.000;16.0
16/12/2006;19:13:00;3.418;0.000;234.260;14.600;0.000;2.000;17.0
16/12/2006;19:14:00;3.392;0.000;233.300;14.400;0.000;1.000;17.0
16/12/2006;19:15:00;3.394;0.000;233.430;14.400;0.000;1.000;17.0
16/12/2006;19:16:00;3.394;0.000;233.450;14.400;0.000;1.000;16.0
16/12/2006;19:17:00;3.406;0.000;233.910;14.400;0.000;2.000;17.0
16/12/2006;19:18:00;3.420;0.000;234.430;14.600;0.000;1.000;17.0
16/12/2006;19:19:00;3.418;0.000;234.340;14.400;0.000;1.000;17.0
16/12/2006;19:20:00;3.422;0.052;234.580;14.600;0.000;1.000;17.0
16/12/2006;19:21:00;3.332;0.000;234.020;14.200;0.000;1.000;16.0
16/12/2006;19:22:00;3.316;0.046;234.290;14.000;0.000;1.000;17.0
16/12/2006;19:23:00;3.334;0.000;234.360;14.200;0.000;2.000;17.0
16/12/2006;19:24:00;3.262;0.052;232.640;14.000;0.000;0.000;17.0
16/12/2006;19:25:00;3.476;0.064;232.960;14.800;0.000;3.000;16.0
16/12/2006;19:26:00;3.620;0.090;233.470;15.400;0.000;5.000;17.0
16/12/2006;19:27:00;3.610;0.084;234.980;15.200;0.000;5.000;17.0
16/12/2006;19:28:00;3.646;0.138;234.340;15.400;0.000;5.000;17.0
16/12/2006;19:29:00;3.614;0.192;233.920;15.400;0.000;5.000;17.0
16/12/2006;19:30:00;3.408;0.162;233.940;14.400;0.000;2.000;16.0
16/12/2006;19:31:00;3.388;0.134;233.720;14.400;0.000;1.000;17.0
16/12/2006;19:32:00;3.372;0.132;233.200;14.400;0.000;2.000;17.0
16/12/2006;19:33:00;3.370;0.132;233.100;14.400;0.000;1.000;16.0
16/12/2006;19:34:00;3.342;0.120;232.290;14.400;0.000;1.000;17.0
16/12/2006;19:35:00;3.284;0.000;232.450;14.000;0.000;2.000;16.0
16/12/2006;19:36:00;3.276;0.000;231.970;14.000;0.000;1.000;17.0
16/12/2006;19:37:00;3.382;0.130;232.420;14.400;0.000;2.000;17.0
16/12/2006;19:38:00;3.418;0.160;233.380;14.600;0.000;1.000;16.0
16/12/2006;19:39:00;3.396;0.158;232.690;14.600;0.000;1.000;17.0
16/12/2006;19:40:00;3.406;0.158;233.200;14.600;0.000;2.000;16.0
16/12/2006;19:41:00;3.406;0.158;233.260;14.600;0.000;1.000;17.0
16/12/2006;19:42:00;3.392;0.156;232.840;14.400;0.000;1.000;17.0
16/12/2006;19:43:00;3.378;0.154;232.390;14.400;0.000;2.000;16.0
16/12/2006;19:44:00;3.368;0.154;232.140;14.400;0.000;1.000;17.0
16/12/2006;19:45:00;3.350;0.152;231.570;14.400;0.000;1.000;16.0
16/12/2006;19:46:00;3.352;0.152;231.660;14.400;0.000;2.000;17.0
16/12/2006;19:47:00;3.364;0.154;232.220;14.400;0.000;1.000;16.0
16/12/2006;19:48:00;3.380;0.156;232.810;14.400;0.000;1.000;17.0
16/12/2006;19:49:00;3.404;0.160;233.770;14.400;0.000;1.000;17.0
16/12/2006;19:50:00;3.378;0.156;232.820;14.400;0.000;2.000;16.0
16/12/2006;19:51:00;3.388;0.158;233.220;14.400;0.000;1.000;17.0
16/12/2006;19:52:00;3.376;0.156;232.840;14.400;0.000;1.000;17.0
16/12/2006;19:53:00;3.254;0.000;232.750;13.800;0.000;0.000;16.0
16/12/2006;19:54:00;3.214;0.078;232.640;13.800;0.000;0.000;17.0
16/12/2006;19:55:00;3.202;0.078;232.200;13.800;0.000;0.000;16.0
16/12/2006;19:56:00;3.202;0.078;232.200;13.800;0.000;0.000;17.0
16/12/2006;19:57:00;3.212;0.078;232.580;13.800;0.000;0.000;16.0
16/12/2006;19:58:00;3.206;0.078;232.400;13.800;0.000;0.000;17.0
16/12/2006;19:59:00;3.214;0.078;232.660;13.800;0.000;0.000;17.0
16/12/2006;20:00:00;3.206;0.078;232.430;13.800;0.000;0.000;16.0
16/12/2006;20:01:00;3.222;0.078;233.020;13.800;0.000;0.000;17.0
16/12/2006;20:02:00;3.216;0.076;232.800;13.800;0.000;0.000;16.0
16/12/2006;20:03:00;3.216;0.078;232.790;13.800;0.000;0.000;17.0
16/12/2006;20:04:00;3.194;0.078;231.980;13.600;0.000;0.000;16.0
16/12/2006;20:05:00;3.278;0.000;232.880;14.000;0.000;0.000;17.0
16/12/2006;20:06:00;3.282;0.000;232.520;14.000;0.000;0.000;17.0
16/12/2006;20:07:00;3.292;0.000;232.870;14.000;0.000;0.000;16.0
16/12/2006;20:08:00;3.316;0.000;233.780;14.000;0.000;0.000;17.0
16/12/2006;20:09:00;3.370;0.080;233.690;14.400;0.000;0.000;17.0
16/12/2006;20:10:00;3.420;0.144;234.040;14.600;0.000;0.000;17.0
16/12/2006;20:11:00;3.410;0.142;233.930;14.600;0.000;0.000;16.0
16/12/2006;20:12:00;3.400;0.140;233.620;14.400;0.000;0.000;17.0
16/12/2006;20:13:00;3.400;0.140;233.640;14.400;0.000;0.000;17.0
16/12/2006;20:14:00;3.388;0.140;233.260;14.400;0.000;0.000;16.0
16/12/2006;20:15:00;3.370;0.086;233.900;14.400;0.000;0.000;17.0
16/12/2006;20:16:00;3.332;0.000;233.680;14.200;0.000;0.000;17.0
16/12/2006;20:17:00;3.310;0.000;232.830;14.200;0.000;0.000;17.0
16/12/2006;20:18:00;3.312;0.000;233.000;14.200;0.000;0.000;16.0
16/12/2006;20:19:00;3.314;0.000;233.080;14.200;0.000;0.000;17.0
16/12/2006;20:20:00;3.302;0.000;232.690;14.200;0.000;0.000;16.0
16/12/2006;20:21:00;3.302;0.000;232.910;14.000;0.000;0.000;17.0
16/12/2006;20:22:00;3.300;0.000;232.870;14.000;0.000;0.000;17.0
16/12/2006;20:23:00;3.290;0.000;232.420;14.000;0.000;0.000;16.0
16/12/2006;20:24:00;3.286;0.000;232.310;14.000;0.000;0.000;17.0
16/12/2006;20:25:00;3.230;0.052;232.790;13.800;0.000;0.000;16.0
16/12/2006;20:26:00;3.218;0.078;233.050;13.800;0.000;0.000;17.0
16/12/2006;20:27:00;3.258;0.076;234.570;13.800;0.000;0.000;17.0
16/12/2006;20:28:00;3.264;0.076;234.790;13.800;0.000;0.000;17.0
16/12/2006;20:29:00;3.260;0.076;234.600;13.800;0.000;0.000;17.0
16/12/2006;20:30:00;3.262;0.076;234.540;13.800;0.000;0.000;17.0
16/12/2006;20:31:00;3.264;0.076;234.600;13.800;0.000;0.000;16.0
16/12/2006;20:32:00;3.238;0.076;233.770;13.800;0.000;0.000;17.0
16/12/2006;20:33:00;3.228;0.078;233.500;13.800;0.000;0.000;17.0
16/12/2006;20:34:00;3.222;0.078;233.270;13.800;0.000;0.000;17.0
16/12/2006;20:35:00;3.226;0.078;233.370;13.800;0.000;0.000;16.0
16/12/2006;20:36:00;3.206;0.078;232.640;13.600;0.000;0.000;17.0
16/12/2006;20:37:00;3.188;0.080;231.950;13.600;0.000;0.000;16.0
16/12/2006;20:38:00;3.196;0.080;232.210;13.600;0.000;0.000;17.0
16/12/2006;20:39:00;3.204;0.078;232.500;13.600;0.000;0.000;16.0
16/12/2006;20:40:00;3.232;0.078;233.630;13.800;0.000;0.000;17.0
16/12/2006;20:41:00;3.254;0.074;234.430;13.800;0.000;0.000;17.0
16/12/2006;20:42:00;3.376;0.050;234.630;14.400;0.000;0.000;17.0
16/12/2006;20:43:00;3.372;0.048;235.050;14.200;0.000;0.000;17.0
16/12/2006;20:44:00;3.366;0.048;234.960;14.200;0.000;0.000;17.0
16/12/2006;20:45:00;3.386;0.050;235.770;14.200;0.000;0.000;17.0
16/12/2006;20:46:00;3.496;0.146;236.760;14.800;0.000;0.000;17.0
16/12/2006;20:47:00;3.426;0.146;234.590;14.600;0.000;0.000;17.0
16/12/2006;20:48:00;3.440;0.148;235.130;14.600;0.000;0.000;17.0
16/12/2006;20:49:00;3.440;0.146;235.140;14.600;0.000;0.000;17.0
16/12/2006;20:50:00;3.454;0.150;235.750;14.600;0.000;0.000;17.0
16/12/2006;20:51:00;3.450;0.150;235.690;14.600;0.000;0.000;17.0
16/12/2006;20:52:00;3.480;0.154;236.860;14.600;0.000;0.000;17.0
16/12/2006;20:53:00;3.474;0.152;236.720;14.600;0.000;0.000;17.0
16/12/2006;20:54:00;3.456;0.150;236.050;14.600;0.000;0.000;17.0
16/12/2006;20:55:00;1.832;0.170;237.540;8.400;0.000;0.000;17.0
16/12/2006;20:56:00;2.044;0.102;237.440;9.400;0.000;0.000;18.0
16/12/2006;20:57:00;3.354;0.000;237.000;14.000;0.000;0.000;17.0
16/12/2006;20:58:00;3.282;0.074;235.550;13.800;0.000;0.000;17.0
16/12/2006;20:59:00;3.308;0.074;236.510;14.000;0.000;0.000;17.0
16/12/2006;21:00:00;3.314;0.072;236.760;14.000;0.000;0.000;17.0
16/12/2006;21:01:00;3.306;0.072;237.110;13.800;0.000;0.000;17.0
16/12/2006;21:02:00;1.692;0.054;238.720;7.800;0.000;0.000;18.0
16/12/2006;21:03:00;3.342;0.070;237.660;14.000;0.000;0.000;17.0
16/12/2006;21:04:00;3.354;0.070;238.200;14.000;0.000;0.000;17.0
16/12/2006;21:05:00;3.334;0.072;237.460;14.000;0.000;0.000;18.0
16/12/2006;21:06:00;3.330;0.072;237.360;14.000;0.000;0.000;17.0
16/12/2006;21:07:00;2.740;0.064;238.130;12.000;0.000;0.000;17.0
16/12/2006;21:08:00;2.188;0.060;237.740;10.000;0.000;0.000;18.0
16/12/2006;21:09:00;3.330;0.070;237.260;14.000;0.000;0.000;17.0
16/12/2006;21:10:00;3.340;0.070;237.690;14.000;0.000;0.000;17.0
16/12/2006;21:11:00;3.306;0.072;236.440;14.000;0.000;0.000;17.0
16/12/2006;21:12:00;3.044;0.072;236.230;13.200;0.000;0.000;17.0
16/12/2006;21:13:00;1.766;0.058;237.700;8.200;0.000;0.000;18.0
16/12/2006;21:14:00;3.376;0.000;235.730;14.200;0.000;0.000;17.0
16/12/2006;21:15:00;3.414;0.052;236.510;14.400;0.000;0.000;17.0
16/12/2006;21:16:00;3.426;0.054;237.110;14.400;0.000;0.000;17.0
16/12/2006;21:17:00;3.420;0.054;237.060;14.400;0.000;0.000;17.0
16/12/2006;21:18:00;1.876;0.074;238.630;8.600;0.000;0.000;18.0
16/12/2006;21:19:00;3.442;0.056;237.580;14.400;0.000;0.000;17.0
16/12/2006;21:20:00;3.414;0.054;236.870;14.400;0.000;0.000;17.0
16/12/2006;21:21:00;3.412;0.056;236.940;14.400;0.000;0.000;17.0
16/12/2006;21:22:00;2.542;0.068;238.170;11.400;0.000;0.000;18.0
16/12/2006;21:23:00;2.820;0.062;237.420;12.400;0.000;0.000;17.0
16/12/2006;21:24:00;3.410;0.054;236.910;14.400;0.000;0.000;17.0
16/12/2006;21:25:00;3.392;0.052;236.240;14.200;0.000;0.000;17.0
16/12/2006;21:26:00;2.878;0.060;237.170;12.600;0.000;0.000;17.0
16/12/2006;21:27:00;1.848;0.112;238.590;8.400;0.000;0.000;18.0
16/12/2006;21:28:00;3.494;0.144;237.430;14.600;0.000;0.000;17.0
16/12/2006;21:29:00;3.420;0.000;237.730;14.200;0.000;0.000;17.0
16/12/2006;21:30:00;3.226;0.000;237.200;13.800;0.000;0.000;18.0
16/12/2006;21:31:00;1.948;0.000;238.410;9.000;0.000;0.000;17.0
16/12/2006;21:32:00;3.392;0.000;236.600;14.200;0.000;0.000;17.0
16/12/2006;21:33:00;3.368;0.000;236.120;14.200;0.000;0.000;17.0
16/12/2006;21:34:00;3.378;0.000;236.540;14.200;0.000;0.000;17.0
16/12/2006;21:35:00;1.872;0.000;238.480;8.600;0.000;0.000;18.0
16/12/2006;21:36:00;3.212;0.000;237.270;13.600;0.000;0.000;17.0
16/12/2006;21:37:00;3.346;0.000;237.060;14.000;0.000;0.000;17.0
16/12/2006;21:38:00;3.308;0.072;236.490;14.000;0.000;0.000;17.0
16/12/2006;21:39:00;3.302;0.072;236.280;13.800;0.000;0.000;17.0
16/12/2006;21:40:00;2.360;0.064;236.890;10.800;0.000;0.000;18.0
16/12/2006;21:41:00;2.652;0.046;236.640;11.800;0.000;0.000;17.0
16/12/2006;21:42:00;3.392;0.000;236.580;14.200;0.000;1.000;17.0
16/12/2006;21:43:00;3.398;0.000;236.830;14.200;0.000;2.000;17.0
16/12/2006;21:44:00;3.424;0.046;237.750;14.400;0.000;1.000;17.0
16/12/2006;21:45:00;1.860;0.066;239.690;8.400;0.000;2.000;18.0
16/12/2006;21:46:00;3.250;0.082;238.950;13.800;0.000;1.000;17.0
16/12/2006;21:47:00;3.502;0.172;236.460;14.800;0.000;1.000;18.0
16/12/2006;21:48:00;3.484;0.170;235.980;14.600;0.000;2.000;17.0
16/12/2006;21:49:00;3.478;0.168;235.850;14.600;0.000;1.000;17.0
16/12/2006;21:50:00;1.696;0.194;238.190;7.600;0.000;2.000;17.0
16/12/2006;21:51:00;3.494;0.170;236.280;14.800;0.000;1.000;17.0
16/12/2006;21:52:00;3.482;0.170;236.400;14.600;0.000;1.000;17.0
16/12/2006;21:53:00;3.480;0.170;236.460;14.600;0.000;2.000;17.0
16/12/2006;21:54:00;3.474;0.168;236.280;14.600;0.000;1.000;17.0
16/12/2006;21:55:00;2.308;0.184;237.330;10.600;0.000;1.000;18.0
16/12/2006;21:56:00;2.926;0.178;237.090;12.800;0.000;2.000;17.0
16/12/2006;21:57:00;3.472;0.170;236.390;14.600;0.000;1.000;17.0
16/12/2006;21:58:00;3.480;0.170;236.750;14.600;0.000;1.000;17.0
16/12/2006;21:59:00;3.454;0.168;235.730;14.600;0.000;2.000;17.0
16/12/2006;22:00:00;3.464;0.170;236.030;14.600;0.000;1.000;17.0
16/12/2006;22:01:00;1.786;0.096;237.680;8.200;0.000;1.000;18.0
16/12/2006;22:02:00;3.182;0.000;235.990;13.600;0.000;1.000;17.0
16/12/2006;22:03:00;3.378;0.000;236.260;14.200;0.000;2.000;17.0
16/12/2006;22:04:00;3.372;0.000;236.030;14.200;0.000;1.000;17.0
16/12/2006;22:05:00;3.362;0.000;235.700;14.200;0.000;1.000;17.0
16/12/2006;22:06:00;3.112;0.000;236.080;13.400;0.000;1.000;17.0
16/12/2006;22:07:00;1.614;0.056;237.310;7.400;0.000;0.000;17.0
16/12/2006;22:08:00;3.358;0.000;236.140;14.200;0.000;0.000;17.0
16/12/2006;22:09:00;3.388;0.000;236.610;14.200;0.000;0.000;17.0
16/12/2006;22:10:00;3.392;0.000;236.930;14.200;0.000;0.000;17.0
16/12/2006;22:11:00;2.810;0.000;237.970;12.400;0.000;0.000;18.0
16/12/2006;22:12:00;2.180;0.000;238.020;10.000;0.000;0.000;17.0
16/12/2006;22:13:00;3.370;0.000;236.060;14.200;0.000;0.000;17.0
16/12/2006;22:14:00;3.326;0.000;234.450;14.000;0.000;0.000;17.0
16/12/2006;22:15:00;2.778;0.000;235.310;12.000;0.000;0.000;9.0
16/12/2006;22:16:00;2.358;0.000;237.100;9.800;0.000;0.000;0.0
16/12/2006;22:17:00;0.960;0.054;238.680;5.600;0.000;0.000;0.0
16/12/2006;22:18:00;1.606;0.000;238.760;7.800;0.000;0.000;0.0
16/12/2006;22:19:00;2.350;0.000;238.590;9.800;0.000;0.000;0.0
16/12/2006;22:20:00;2.428;0.068;238.870;10.000;0.000;0.000;0.0
16/12/2006;22:21:00;2.078;0.072;238.970;9.200;0.000;0.000;0.0
16/12/2006;22:22:00;0.780;0.090;239.930;4.600;0.000;0.000;0.0
16/12/2006;22:23:00;2.426;0.068;239.050;10.000;0.000;0.000;0.0
16/12/2006;22:24:00;2.412;0.066;238.460;10.000;0.000;0.000;0.0
16/12/2006;22:25:00;2.428;0.070;239.680;10.000;0.000;0.000;0.0
16/12/2006;22:26:00;1.530;0.084;240.720;7.600;0.000;0.000;0.0
16/12/2006;22:27:00;1.388;0.086;240.870;7.200;0.000;0.000;0.0
16/12/2006;22:28:00;2.424;0.070;239.710;10.000;0.000;0.000;0.0
16/12/2006;22:29:00;2.428;0.072;239.890;10.000;0.000;0.000;0.0
16/12/2006;22:30:00;2.388;0.070;239.480;10.000;0.000;0.000;0.0
16/12/2006;22:31:00;0.376;0.100;241.640;1.600;0.000;0.000;0.0
16/12/2006;22:32:00;2.202;0.074;240.070;9.600;0.000;0.000;0.0
16/12/2006;22:33:00;2.430;0.070;239.770;10.000;0.000;0.000;0.0
16/12/2006;22:34:00;2.346;0.052;240.050;9.600;0.000;0.000;0.0
16/12/2006;22:35:00;1.916;0.054;239.750;8.600;0.000;0.000;0.0
16/12/2006;22:36:00;0.384;0.000;240.580;2.400;0.000;0.000;0.0
16/12/2006;22:37:00;2.334;0.060;239.200;9.600;0.000;0.000;0.0
16/12/2006;22:38:00;2.320;0.060;238.840;9.600;0.000;0.000;0.0
16/12/2006;22:39:00;2.306;0.062;238.390;9.600;0.000;0.000;0.0
16/12/2006;22:40:00;2.306;0.064;238.390;9.600;0.000;0.000;0.0
16/12/2006;22:41:00;0.436;0.000;241.060;2.800;0.000;0.000;0.0
16/12/2006;22:42:00;1.584;0.050;240.890;7.800;0.000;0.000;0.0
16/12/2006;22:43:00;2.328;0.062;239.460;9.600;0.000;0.000;0.0
16/12/2006;22:44:00;2.326;0.062;239.270;9.600;0.000;0.000;0.0
16/12/2006;22:45:00;2.334;0.060;239.570;9.600;0.000;0.000;0.0
16/12/2006;22:46:00;1.846;0.054;239.990;8.400;0.000;0.000;0.0
16/12/2006;22:47:00;0.284;0.000;242.040;1.200;0.000;0.000;0.0
16/12/2006;22:48:00;2.342;0.060;239.890;9.800;0.000;0.000;0.0
16/12/2006;22:49:00;2.392;0.000;239.910;10.000;0.000;0.000;0.0
16/12/2006;22:50:00;2.414;0.000;240.020;10.000;0.000;0.000;0.0
16/12/2006;22:51:00;2.414;0.000;239.970;10.000;0.000;0.000;0.0
16/12/2006;22:52:00;0.754;0.086;241.270;4.400;0.000;0.000;0.0
16/12/2006;22:53:00;1.420;0.178;238.640;7.400;0.000;0.000;0.0
16/12/2006;22:54:00;2.468;0.162;237.470;10.400;0.000;0.000;0.0
16/12/2006;22:55:00;2.474;0.164;238.050;10.400;0.000;0.000;0.0
16/12/2006;22:56:00;2.488;0.168;239.030;10.400;0.000;0.000;0.0
16/12/2006;22:57:00;1.810;0.182;240.280;8.600;0.000;0.000;0.0
16/12/2006;22:58:00;0.674;0.200;241.360;4.000;0.000;0.000;0.0
16/12/2006;22:59:00;2.444;0.094;239.420;10.200;0.000;0.000;0.0
16/12/2006;23:00:00;2.410;0.068;238.900;10.000;0.000;0.000;0.0
16/12/2006;23:01:00;2.412;0.070;239.130;10.000;0.000;0.000;0.0
16/12/2006;23:02:00;2.206;0.072;239.370;9.400;0.000;0.000;0.0
16/12/2006;23:03:00;0.370;0.100;241.580;1.600;0.000;0.000;0.0
16/12/2006;23:04:00;2.104;0.076;240.110;9.200;0.000;0.000;0.0
16/12/2006;23:05:00;2.404;0.068;238.730;10.000;0.000;0.000;0.0
16/12/2006;23:06:00;2.418;0.070;239.520;10.000;0.000;0.000;0.0
16/12/2006;23:07:00;2.342;0.000;239.740;9.600;0.000;0.000;0.0
16/12/2006;23:08:00;1.262;0.046;240.960;6.800;0.000;0.000;0.0
16/12/2006;23:09:00;0.852;0.000;241.640;5.200;0.000;0.000;0.0
16/12/2006;23:10:00;2.340;0.060;240.050;9.600;0.000;0.000;0.0
16/12/2006;23:11:00;2.336;0.060;240.070;9.600;0.000;0.000;0.0
16/12/2006;23:12:00;2.334;0.060;239.990;9.600;0.000;0.000;0.0
16/12/2006;23:13:00;2.330;0.060;239.740;9.600;0.000;0.000;0.0
16/12/2006;23:14:00;1.038;0.000;241.170;6.000;0.000;0.000;0.0
16/12/2006;23:15:00;0.386;0.000;242.390;2.400;0.000;0.000;0.0
16/12/2006;23:16:00;2.350;0.060;240.410;9.600;0.000;0.000;0.0
16/12/2006;23:17:00;2.346;0.060;240.500;9.600;0.000;0.000;0.0
16/12/2006;23:18:00;2.346;0.060;240.550;9.600;0.000;0.000;0.0
16/12/2006;23:19:00;1.834;0.052;240.970;8.400;0.000;0.000;0.0
16/12/2006;23:20:00;1.222;0.046;241.580;6.600;0.000;0.000;0.0
16/12/2006;23:21:00;2.342;0.060;240.210;9.600;0.000;0.000;0.0
16/12/2006;23:22:00;2.334;0.060;239.980;9.600;0.000;0.000;0.0
16/12/2006;23:23:00;1.666;0.052;240.650;8.000;0.000;0.000;0.0
16/12/2006;23:24:00;1.198;0.000;241.680;6.600;0.000;0.000;0.0
16/12/2006;23:25:00;2.350;0.058;240.700;9.600;0.000;0.000;0.0
16/12/2006;23:26:00;2.398;0.000;240.700;9.800;0.000;0.000;0.0
16/12/2006;23:27:00;2.444;0.072;240.110;10.200;0.000;0.000;0.0
16/12/2006;23:28:00;0.406;0.098;241.710;2.000;0.000;0.000;0.0
16/12/2006;23:29:00;2.434;0.072;240.130;10.000;0.000;0.000;0.0
16/12/2006;23:30:00;2.502;0.136;240.240;10.400;0.000;0.000;0.0
16/12/2006;23:31:00;2.518;0.176;240.530;10.400;0.000;0.000;0.0
16/12/2006;23:32:00;1.516;0.190;241.360;7.600;0.000;0.000;0.0
16/12/2006;23:33:00;1.498;0.188;241.020;7.600;0.000;0.000;0.0
16/12/2006;23:34:00;2.508;0.174;240.060;10.400;0.000;0.000;0.0
16/12/2006;23:35:00;2.504;0.174;240.090;10.400;0.000;0.000;0.0
16/12/2006;23:36:00;2.492;0.172;239.490;10.400;0.000;0.000;0.0
16/12/2006;23:37:00;0.814;0.204;242.160;4.800;0.000;0.000;0.0
16/12/2006;23:38:00;2.304;0.180;240.950;9.800;0.000;0.000;0.0
16/12/2006;23:39:00;2.530;0.182;241.740;10.400;0.000;0.000;0.0
16/12/2006;23:40:00;2.378;0.000;241.180;9.800;0.000;0.000;0.0
16/12/2006;23:41:00;0.384;0.000;243.730;2.400;0.000;0.000;0.0
16/12/2006;23:42:00;2.370;0.058;241.480;9.800;0.000;0.000;0.0
16/12/2006;23:43:00;2.358;0.058;241.130;9.600;0.000;0.000;0.0
16/12/2006;23:44:00;2.352;0.058;240.960;9.600;0.000;0.000;0.0
16/12/2006;23:45:00;0.416;0.000;242.940;2.400;0.000;0.000;0.0
16/12/2006;23:46:00;2.654;0.062;240.740;11.000;0.000;0.000;0.0
16/12/2006;23:47:00;2.540;0.060;241.230;10.400;0.000;0.000;0.0
16/12/2006;23:48:00;2.526;0.058;241.790;10.800;0.000;0.000;0.0
16/12/2006;23:49:00;1.206;0.000;241.830;5.400;0.000;0.000;0.0
16/12/2006;23:50:00;3.844;0.148;238.710;16.600;0.000;0.000;0.0
16/12/2006;23:51:00;4.122;0.140;237.990;17.600;0.000;0.000;0.0
16/12/2006;23:52:00;3.458;0.000;238.890;14.800;0.000;0.000;0.0
16/12/2006;23:53:00;1.988;0.050;240.260;9.200;0.000;0.000;0.0
16/12/2006;23:54:00;0.596;0.000;240.880;2.400;0.000;0.000;0.0
16/12/2006;23:55:00;1.290;0.000;240.690;6.800;0.000;0.000;0.0
16/12/2006;23:56:00;2.730;0.060;239.430;11.400;0.000;1.000;0.0
16/12/2006;23:57:00;2.734;0.062;239.810;11.400;0.000;2.000;0.0
16/12/2006;23:58:00;2.764;0.066;241.270;11.400;0.000;1.000;0.0
16/12/2006;23:59:00;2.586;0.070;241.630;11.000;0.000;1.000;0.0
17/12/2006;00:00:00;1.044;0.152;242.730;4.400;0.000;2.000;0.0
17/12/2006;00:01:00;1.520;0.220;242.200;7.400;0.000;1.000;0.0
17/12/2006;00:02:00;3.038;0.194;240.140;12.600;0.000;2.000;0.0
17/12/2006;00:03:00;2.974;0.194;239.970;12.400;0.000;1.000;0.0
17/12/2006;00:04:00;2.846;0.198;240.390;11.800;0.000;2.000;0.0
17/12/2006;00:05:00;2.848;0.198;240.590;11.800;0.000;1.000;0.0
17/12/2006;00:06:00;2.858;0.202;241.140;11.800;0.000;1.000;0.0
17/12/2006;00:07:00;2.472;0.208;241.620;10.800;0.000;2.000;0.0
17/12/2006;00:08:00;0.658;0.244;243.750;3.000;0.000;1.000;0.0
17/12/2006;00:09:00;0.838;0.334;242.090;4.800;0.000;2.000;0.0
17/12/2006;00:10:00;2.608;0.298;239.450;10.800;0.000;1.000;0.0
17/12/2006;00:11:00;2.598;0.296;239.440;10.800;0.000;1.000;0.0
17/12/2006;00:12:00;2.560;0.286;238.710;10.800;0.000;2.000;0.0
17/12/2006;00:13:00;2.526;0.278;236.950;10.600;0.000;1.000;0.0
17/12/2006;00:14:00;2.472;0.194;237.550;10.400;0.000;1.000;0.0
17/12/2006;00:15:00;1.658;0.166;238.480;8.000;0.000;1.000;0.0
17/12/2006;00:16:00;0.422;0.184;239.790;1.800;0.000;2.000;0.0
17/12/2006;00:17:00;0.790;0.178;239.470;4.600;0.000;1.000;0.0
17/12/2006;00:18:00;2.436;0.120;238.510;10.200;0.000;1.000;0.0
17/12/2006;00:19:00;2.396;0.056;239.030;10.000;0.000;1.000;0.0
17/12/2006;00:20:00;2.338;0.000;238.370;9.800;0.000;1.000;0.0
17/12/2006;00:21:00;2.304;0.062;238.380;9.600;0.000;0.000;0.0
17/12/2006;00:22:00;0.276;0.000;240.560;1.200;0.000;0.000;0.0
17/12/2006;00:23:00;0.712;0.000;239.840;4.600;0.000;0.000;0.0
17/12/2006;00:24:00;2.332;0.060;239.110;9.600;0.000;0.000;0.0
17/12/2006;00:25:00;2.344;0.058;239.990;9.600;0.000;0.000;0.0
17/12/2006;00:26:00;2.354;0.058;240.640;9.800;0.000;0.000;0.0
17/12/2006;00:27:00;2.332;0.060;239.450;9.600;0.000;0.000;0.0
17/12/2006;00:28:00;2.368;0.056;241.400;9.800;0.000;0.000;0.0
17/12/2006;00:29:00;0.612;0.000;243.680;4.000;0.000;0.000;0.0
17/12/2006;00:30:00;0.286;0.000;244.030;1.200;0.000;0.000;0.0
17/12/2006;00:31:00;1.952;0.050;242.070;8.800;0.000;0.000;0.0
17/12/2006;00:32:00;2.376;0.056;241.860;9.800;0.000;0.000;0.0
17/12/2006;00:33:00;2.374;0.056;241.700;9.800;0.000;0.000;0.0
17/12/2006;00:34:00;2.406;0.000;240.000;10.000;0.000;0.000;0.0
17/12/2006;00:35:00;1.004;0.094;242.000;5.600;0.000;0.000;0.0
17/12/2006;00:36:00;0.388;0.104;242.580;1.600;0.000;0.000;0.0
17/12/2006;00:37:00;1.458;0.090;242.300;7.400;0.000;0.000;0.0
17/12/2006;00:38:00;2.480;0.078;241.860;10.200;0.000;0.000;0.0
17/12/2006;00:39:00;2.454;0.074;240.760;10.200;0.000;0.000;0.0
17/12/2006;00:40:00;2.468;0.078;241.520;10.200;0.000;0.000;0.0
17/12/2006;00:41:00;2.028;0.084;241.880;9.000;0.000;0.000;0.0
17/12/2006;00:42:00;0.382;0.108;243.650;1.600;0.000;0.000;0.0
17/12/2006;00:43:00;0.902;0.098;242.620;5.200;0.000;0.000;0.0
17/12/2006;00:44:00;2.466;0.076;241.430;10.200;0.000;0.000;0.0
17/12/2006;00:45:00;2.456;0.076;241.180;10.200;0.000;0.000;0.0
17/12/2006;00:46:00;2.450;0.074;240.820;10.000;0.000;0.000;0.0
17/12/2006;00:47:00;2.448;0.074;240.780;10.000;0.000;0.000;0.0
17/12/2006;00:48:00;0.930;0.000;242.940;5.600;0.000;0.000;0.0
17/12/2006;00:49:00;0.286;0.000;243.840;1.200;0.000;0.000;0.0
17/12/2006;00:50:00;1.376;0.000;243.110;7.200;0.000;0.000;0.0
17/12/2006;00:51:00;2.456;0.048;241.980;10.000;0.000;0.000;0.0
17/12/2006;00:52:00;2.456;0.048;242.010;10.000;0.000;0.000;0.0
17/12/2006;00:53:00;2.444;0.046;241.380;10.000;0.000;0.000;0.0
17/12/2006;00:54:00;2.122;0.048;240.910;9.200;0.000;0.000;0.0
17/12/2006;00:55:00;0.356;0.070;242.130;1.400;0.000;0.000;0.0
17/12/2006;00:56:00;0.952;0.062;241.500;5.600;0.000;0.000;0.0
17/12/2006;00:57:00;2.426;0.000;240.450;10.000;0.000;0.000;0.0
17/12/2006;00:58:00;2.420;0.000;240.350;10.000;0.000;0.000;0.0
17/12/2006;00:59:00;2.412;0.000;240.650;10.000;0.000;0.000;0.0
17/12/2006;01:00:00;1.008;0.000;242.350;5.400;0.000;0.000;0.0
17/12/2006;01:01:00;0.430;0.000;243.400;1.800;0.000;0.000;0.0
17/12/2006;01:02:00;2.676;0.088;240.690;11.400;0.000;0.000;0.0
17/12/2006;01:03:00;3.766;0.208;239.130;15.600;0.000;0.000;0.0
17/12/2006;01:04:00;4.582;0.258;238.080;19.600;0.000;13.000;0.0
17/12/2006;01:05:00;5.282;0.150;237.380;22.400;0.000;35.000;0.0
17/12/2006;01:06:00;2.362;0.096;241.350;10.400;0.000;28.000;0.0
17/12/2006;01:07:00;3.250;0.084;240.950;13.600;0.000;37.000;0.0
17/12/2006;01:08:00;4.618;0.104;239.610;19.600;0.000;27.000;0.0
17/12/2006;01:09:00;5.242;0.178;239.490;21.800;0.000;37.000;0.0
17/12/2006;01:10:00;4.860;0.198;239.650;20.200;0.000;36.000;0.0
17/12/2006;01:11:00;3.738;0.238;240.390;16.000;0.000;36.000;0.0
17/12/2006;01:12:00;3.426;0.256;240.310;14.400;0.000;37.000;0.0
17/12/2006;01:13:00;5.254;0.214;238.150;22.000;0.000;35.000;0.0
17/12/2006;01:14:00;5.246;0.230;237.910;22.000;0.000;36.000;0.0
17/12/2006;01:15:00;5.216;0.210;237.440;22.000;0.000;36.000;0.0
17/12/2006;01:16:00;3.858;0.240;238.520;16.600;0.000;36.000;0.0
17/12/2006;01:17:00;2.822;0.188;239.550;11.800;0.000;36.000;0.0
17/12/2006;01:18:00;3.840;0.164;238.270;16.600;0.000;35.000;0.0
17/12/2006;01:19:00;4.636;0.140;237.370;19.400;0.000;36.000;0.0
17/12/2006;01:20:00;4.634;0.152;237.170;19.400;0.000;35.000;0.0
17/12/2006;01:21:00;4.652;0.142;237.920;19.400;0.000;36.000;0.0
17/12/2006;01:22:00;3.130;0.130;239.820;14.600;0.000;26.000;0.0
17/12/2006;01:23:00;1.756;0.050;241.180;7.600;0.000;24.000;0.0
17/12/2006;01:24:00;3.478;0.000;239.840;15.000;0.000;36.000;0.0
17/12/2006;01:25:00;4.500;0.000;239.040;18.800;0.000;36.000;0.0
17/12/2006;01:26:00;3.552;0.000;240.290;14.800;0.000;21.000;0.0
17/12/2006;01:27:00;3.940;0.000;239.190;16.600;0.000;28.000;0.0
17/12/2006;01:28:00;2.440;0.000;240.800;10.000;0.000;37.000;0.0
17/12/2006;01:29:00;2.080;0.000;241.610;9.000;0.000;28.000;0.0
17/12/2006;01:30:00;3.652;0.000;240.110;15.200;0.000;22.000;0.0
17/12/2006;01:31:00;4.432;0.000;239.350;18.400;0.000;36.000;0.0
17/12/2006;01:32:00;4.460;0.000;240.080;18.600;0.000;36.000;0.0
17/12/2006;01:33:00;2.186;0.124;242.070;10.000;0.000;17.000;0.0
17/12/2006;01:34:00;2.358;0.124;241.540;9.800;0.000;33.000;0.0
17/12/2006;01:35:00;3.954;0.098;239.840;16.800;0.000;36.000;0.0
17/12/2006;01:36:00;3.746;0.106;240.360;15.600;0.000;25.000;0.0
17/12/2006;01:37:00;3.944;0.098;239.790;16.600;0.000;25.000;0.0
17/12/2006;01:38:00;3.680;0.102;239.550;15.800;0.000;36.000;0.0
17/12/2006;01:39:00;1.670;0.130;242.210;7.200;0.000;24.000;0.0
17/12/2006;01:40:00;3.214;0.118;241.920;14.600;0.000;26.000;0.0
17/12/2006;01:41:00;4.500;0.000;240.420;18.600;0.000;36.000;0.0
17/12/2006;01:42:00;3.800;0.000;241.780;15.800;0.000;26.000;0.0
17/12/2006;01:43:00;2.664;0.000;243.310;11.200;0.000;23.000;0.0
17/12/2006;01:44:00;2.528;0.122;242.920;10.400;0.000;37.000;0.0
17/12/2006;01:45:00;2.668;0.140;241.800;11.600;0.000;18.000;0.0
17/12/2006;01:46:00;4.256;0.184;240.290;17.800;0.000;30.000;0.0
17/12/2006;01:47:00;4.126;0.244;240.610;17.600;0.000;28.000;0.0
17/12/2006;01:48:00;3.216;0.270;242.140;15.000;0.000;31.000;0.0
17/12/2006;01:49:00;0.574;0.302;243.880;2.600;0.000;5.000;0.0
17/12/2006;01:50:00;2.344;0.272;241.490;10.800;0.000;16.000;0.0
17/12/2006;01:51:00;3.804;0.244;240.340;16.200;0.000;23.000;0.0
17/12/2006;01:52:00;4.622;0.240;239.590;19.200;0.000;37.000;0.0
17/12/2006;01:53:00;3.218;0.250;240.380;13.800;0.000;16.000;0.0
17/12/2006;01:54:00;0.774;0.294;242.430;4.200;0.000;5.000;0.0
17/12/2006;01:55:00;0.572;0.300;243.550;2.600;0.000;5.000;0.0
17/12/2006;01:56:00;1.952;0.282;242.330;9.000;0.000;5.000;0.0
17/12/2006;01:57:00;2.608;0.188;241.860;10.800;0.000;4.000;0.0
17/12/2006;01:58:00;2.600;0.134;242.140;10.600;0.000;5.000;0.0
17/12/2006;01:59:00;2.568;0.132;241.970;10.600;0.000;5.000;0.0
17/12/2006;02:00:00;1.334;0.148;242.140;7.000;0.000;5.000;0.0
17/12/2006;02:01:00;0.362;0.124;244.330;1.600;0.000;3.000;0.0
17/12/2006;02:02:00;1.238;0.100;245.860;6.600;0.000;1.000;0.0
17/12/2006;02:03:00;2.448;0.088;244.840;10.000;0.000;2.000;0.0
17/12/2006;02:04:00;2.426;0.082;244.830;9.800;0.000;1.000;0.0
17/12/2006;02:05:00;1.794;0.098;245.800;8.400;0.000;2.000;0.0
17/12/2006;02:06:00;0.288;0.118;247.650;1.200;0.000;1.000;0.0
17/12/2006;02:07:00;0.608;0.120;247.490;3.800;0.000;1.000;0.0
17/12/2006;02:08:00;2.426;0.082;244.730;9.800;0.000;2.000;0.0
17/12/2006;02:09:00;2.442;0.088;244.900;10.000;0.000;1.000;0.0
17/12/2006;02:10:00;2.428;0.084;244.770;9.800;0.000;1.000;0.0
17/12/2006;02:11:00;0.674;0.116;247.470;4.400;0.000;2.000;0.0
17/12/2006;02:12:00;0.306;0.128;248.480;1.400;0.000;1.000;0.0
17/12/2006;02:13:00;2.090;0.094;247.010;9.000;0.000;2.000;0.0
17/12/2006;02:14:00;2.508;0.134;246.120;10.200;0.000;1.000;0.0
17/12/2006;02:15:00;2.228;0.126;246.320;9.400;0.000;1.000;0.0
17/12/2006;02:16:00;0.308;0.108;248.010;1.400;0.000;0.000;0.0
17/12/2006;02:17:00;0.290;0.102;248.200;1.200;0.000;0.000;0.0
17/12/2006;02:18:00;2.442;0.072;245.610;10.000;0.000;1.000;0.0
17/12/2006;02:19:00;2.514;0.156;245.290;10.200;0.000;0.000;0.0
17/12/2006;02:20:00;2.506;0.202;243.750;10.200;0.000;0.000;0.0
17/12/2006;02:21:00;0.388;0.234;246.170;1.800;0.000;0.000;0.0
17/12/2006;02:22:00;0.538;0.242;246.940;3.200;0.000;0.000;0.0
17/12/2006;02:23:00;2.496;0.142;245.350;10.200;0.000;0.000;0.0
17/12/2006;02:24:00;2.470;0.100;244.970;10.000;0.000;1.000;0.0
17/12/2006;02:25:00;2.448;0.096;244.970;10.000;0.000;0.000;0.0
17/12/2006;02:26:00;0.820;0.126;246.170;5.000;0.000;0.000;0.0
17/12/2006;02:27:00;0.308;0.130;247.300;1.400;0.000;0.000;0.0
17/12/2006;02:28:00;2.450;0.102;244.960;10.000;0.000;0.000;0.0
17/12/2006;02:29:00;2.432;0.092;244.200;9.800;0.000;0.000;0.0
17/12/2006;02:30:00;2.444;0.098;243.930;10.000;0.000;0.000;0.0
17/12/2006;02:31:00;1.970;0.100;244.350;8.800;0.000;0.000;0.0
17/12/2006;02:32:00;0.256;0.000;246.640;1.200;0.000;1.000;0.0
17/12/2006;02:33:00;0.508;0.000;246.700;3.600;0.000;0.000;0.0
17/12/2006;02:34:00;2.370;0.000;244.700;9.600;0.000;0.000;0.0
17/12/2006;02:35:00;2.352;0.000;245.050;9.600;0.000;0.000;0.0
17/12/2006;02:36:00;2.140;0.000;246.520;9.000;0.000;0.000;0.0
17/12/2006;02:37:00;0.212;0.000;248.940;0.800;0.000;0.000;0.0
17/12/2006;02:38:00;0.992;0.000;247.330;5.800;0.000;1.000;0.0
17/12/2006;02:39:00;2.362;0.000;245.390;9.600;0.000;0.000;0.0
17/12/2006;02:40:00;2.384;0.000;245.710;9.600;0.000;0.000;0.0
17/12/2006;02:41:00;1.928;0.000;246.100;8.400;0.000;0.000;0.0
17/12/2006;02:42:00;0.218;0.000;249.370;1.000;0.000;0.000;0.0
17/12/2006;02:43:00;0.656;0.000;249.070;4.400;0.000;1.000;0.0
17/12/2006;02:44:00;2.398;0.000;247.310;9.600;0.000;0.000;0.0
17/12/2006;02:45:00;2.412;0.000;247.260;9.600;0.000;0.000;0.0
17/12/2006;02:46:00;1.672;0.000;245.950;7.800;0.000;0.000;0.0
17/12/2006;02:47:00;0.226;0.000;246.160;1.000;0.000;0.000;0.0
17/12/2006;02:48:00;1.632;0.000;244.510;7.800;0.000;0.000;0.0
17/12/2006;02:49:00;2.352;0.000;243.910;9.600;0.000;1.000;0.0
17/12/2006;02:50:00;2.328;0.046;243.680;9.400;0.000;0.000;0.0
17/12/2006;02:51:00;0.732;0.000;244.570;4.600;0.000;0.000;0.0
17/12/2006;02:52:00;0.206;0.000;245.980;0.800;0.000;0.000;0.0
17/12/2006;02:53:00;2.332;0.000;244.320;9.600;0.000;0.000;0.0
17/12/2006;02:54:00;2.390;0.000;244.510;9.800;0.000;0.000;0.0
17/12/2006;02:55:00;2.476;0.100;244.840;10.000;0.000;1.000;0.0
17/12/2006;02:56:00;0.604;0.126;247.150;3.800;0.000;0.000;0.0
17/12/2006;02:57:00;0.380;0.178;246.590;1.800;0.000;0.000;0.0
17/12/2006;02:58:00;1.774;0.210;244.520;8.400;0.000;0.000;0.0
17/12/2006;02:59:00;2.520;0.202;243.430;10.400;0.000;0.000;0.0
17/12/2006;03:00:00;2.542;0.214;244.060;10.400;0.000;0.000;0.0
17/12/2006;03:01:00;2.228;0.294;245.050;9.800;0.000;4.000;0.0
17/12/2006;03:02:00;0.590;0.316;247.120;2.600;0.000;4.000;0.0
17/12/2006;03:03:00;1.354;0.316;246.860;7.000;0.000;3.000;0.0
17/12/2006;03:04:00;2.734;0.280;245.410;11.200;0.000;4.000;0.0
17/12/2006;03:05:00;2.734;0.288;245.270;11.200;0.000;3.000;0.0
17/12/2006;03:06:00;2.002;0.214;245.790;9.000;0.000;4.000;0.0
17/12/2006;03:07:00;0.472;0.144;247.110;2.000;0.000;3.000;0.0
17/12/2006;03:08:00;0.876;0.000;244.700;5.000;0.000;4.000;0.0
17/12/2006;03:09:00;2.324;0.046;243.240;9.400;0.000;0.000;0.0
17/12/2006;03:10:00;2.342;0.000;243.460;9.600;0.000;0.000;0.0
17/12/2006;03:11:00;2.326;0.046;243.570;9.400;0.000;0.000;0.0
17/12/2006;03:12:00;0.302;0.000;246.190;2.000;0.000;0.000;0.0
17/12/2006;03:13:00;0.208;0.000;247.170;0.800;0.000;0.000;0.0
17/12/2006;03:14:00;2.022;0.000;245.690;8.800;0.000;0.000;0.0
17/12/2006;03:15:00;2.356;0.000;245.080;9.600;0.000;0.000;0.0
17/12/2006;03:16:00;2.346;0.000;243.700;9.600;0.000;1.000;0.0
17/12/2006;03:17:00;2.240;0.000;243.920;9.200;0.000;0.000;0.0
17/12/2006;03:18:00;0.224;0.000;245.540;1.000;0.000;0.000;0.0
17/12/2006;03:19:00;0.424;0.000;244.880;3.200;0.000;0.000;0.0
17/12/2006;03:20:00;2.344;0.000;243.270;9.600;0.000;0.000;0.0
17/12/2006;03:21:00;2.308;0.048;242.650;9.400;0.000;0.000;0.0
17/12/2006;03:22:00;2.338;0.000;243.290;9.600;0.000;1.000;0.0
17/12/2006;03:23:00;1.480;0.000;243.730;7.400;0.000;0.000;0.0
17/12/2006;03:24:00;0.222;0.000;245.290;1.000;0.000;0.000;0.0
17/12/2006;03:25:00;0.820;0.000;245.380;5.200;0.000;0.000;0.0
17/12/2006;03:26:00;2.352;0.000;243.840;9.600;0.000;0.000;0.0
17/12/2006;03:27:00;2.312;0.048;242.800;9.400;0.000;0.000;0.0
17/12/2006;03:28:00;2.324;0.000;242.520;9.600;0.000;1.000;0.0
17/12/2006;03:29:00;0.232;0.000;244.900;1.400;0.000;0.000;0.0
17/12/2006;03:30:00;0.342;0.120;244.810;1.600;0.000;0.000;0.0
17/12/2006;03:31:00;1.940;0.098;243.800;8.800;0.000;0.000;0.0
17/12/2006;03:32:00;2.456;0.098;244.030;10.000;0.000;0.000;0.0
17/12/2006;03:33:00;2.448;0.096;244.730;10.000;0.000;0.000;0.0
17/12/2006;03:34:00;1.838;0.108;244.660;8.400;0.000;1.000;0.0
17/12/2006;03:35:00;0.320;0.130;246.400;1.400;0.000;0.000;0.0
17/12/2006;03:36:00;1.154;0.116;245.500;6.400;0.000;0.000;0.0
17/12/2006;03:37:00;2.442;0.096;243.490;10.000;0.000;0.000;0.0
17/12/2006;03:38:00;2.410;0.090;243.080;9.800;0.000;0.000;0.0
17/12/2006;03:39:00;2.282;0.096;243.170;9.600;0.000;0.000;0.0
17/12/2006;03:40:00;0.320;0.126;244.440;1.600;0.000;0.000;0.0
17/12/2006;03:41:00;0.812;0.224;244.050;4.800;0.000;1.000;0.0
17/12/2006;03:42:00;2.446;0.138;242.720;10.000;0.000;0.000;0.0
17/12/2006;03:43:00;2.426;0.066;243.810;9.800;0.000;0.000;0.0
17/12/2006;03:44:00;2.410;0.062;244.120;9.800;0.000;0.000;0.0
17/12/2006;03:45:00;0.436;0.096;245.640;2.800;0.000;0.000;0.0
17/12/2006;03:46:00;0.492;0.088;245.180;3.200;0.000;0.000;0.0
17/12/2006;03:47:00;2.424;0.064;243.700;9.800;0.000;1.000;0.0
17/12/2006;03:48:00;2.392;0.058;243.410;9.800;0.000;0.000;0.0
17/12/2006;03:49:00;2.382;0.000;243.420;9.800;0.000;0.000;0.0
17/12/2006;03:50:00;0.754;0.000;245.530;4.800;0.000;0.000;0.0
17/12/2006;03:51:00;0.412;0.000;246.540;3.000;0.000;0.000;0.0
17/12/2006;03:52:00;2.354;0.000;244.630;9.600;0.000;0.000;0.0
17/12/2006;03:53:00;2.412;0.000;244.590;9.800;0.000;1.000;0.0
17/12/2006;03:54:00;2.426;0.082;244.420;9.800;0.000;2.000;0.0
17/12/2006;03:55:00;1.384;0.100;244.640;7.200;0.000;2.000;0.0
17/12/2006;03:56:00;0.292;0.110;245.310;1.200;0.000;1.000;0.0
17/12/2006;03:57:00;1.330;0.098;243.780;7.000;0.000;2.000;0.0
17/12/2006;03:58:00;2.396;0.076;242.570;9.800;0.000;1.000;0.0
17/12/2006;03:59:00;2.422;0.082;243.160;9.800;0.000;2.000;0.0
17/12/2006;04:00:00;2.402;0.076;243.180;9.800;0.000;1.000;0.0
17/12/2006;04:01:00;0.430;0.112;245.020;2.600;0.000;2.000;0.0
17/12/2006;04:02:00;0.666;0.104;244.900;4.200;0.000;2.000;0.0
17/12/2006;04:03:00;2.420;0.080;242.770;9.800;0.000;1.000;0.0
17/12/2006;04:04:00;2.390;0.074;242.470;9.800;0.000;2.000;0.0
17/12/2006;04:05:00;2.446;0.120;242.140;10.000;0.000;1.000;0.0
17/12/2006;04:06:00;0.978;0.248;245.150;5.600;0.000;2.000;0.0
17/12/2006;04:07:00;0.400;0.254;245.860;1.800;0.000;1.000;0.0
17/12/2006;04:08:00;2.432;0.222;243.470;10.200;0.000;2.000;0.0
17/12/2006;04:09:00;2.500;0.214;243.360;10.200;0.000;1.000;0.0
17/12/2006;04:10:00;2.520;0.220;243.540;10.400;0.000;2.000;0.0
17/12/2006;04:11:00;0.788;0.246;245.680;4.800;0.000;1.000;0.0
17/12/2006;04:12:00;0.402;0.256;245.690;2.000;0.000;2.000;0.0
17/12/2006;04:13:00;2.238;0.216;243.210;9.600;0.000;1.000;0.0
17/12/2006;04:14:00;2.512;0.220;243.490;10.200;0.000;2.000;0.0
17/12/2006;04:15:00;2.486;0.212;243.200;10.200;0.000;1.000;0.0
17/12/2006;04:16:00;1.936;0.230;244.120;8.800;0.000;1.000;0.0
17/12/2006;04:17:00;0.376;0.256;246.450;1.800;0.000;2.000;0.0
17/12/2006;04:18:00;0.908;0.078;245.710;5.200;0.000;1.000;0.0
17/12/2006;04:19:00;2.336;0.046;243.860;9.400;0.000;0.000;0.0
17/12/2006;04:20:00;2.346;0.000;243.500;9.600;0.000;0.000;0.0
17/12/2006;04:21:00;2.328;0.046;243.620;9.400;0.000;0.000;0.0
17/12/2006;04:22:00;1.708;0.000;243.730;8.000;0.000;0.000;0.0
17/12/2006;04:23:00;0.206;0.000;245.170;0.800;0.000;0.000;0.0
17/12/2006;04:24:00;0.516;0.000;245.130;3.600;0.000;1.000;0.0
17/12/2006;04:25:00;2.426;0.060;243.670;9.800;0.000;0.000;0.0
17/12/2006;04:26:00;2.430;0.066;244.000;9.800;0.000;0.000;0.0
17/12/2006;04:27:00;2.424;0.060;243.600;9.800;0.000;0.000;0.0
17/12/2006;04:28:00;2.306;0.064;242.930;9.600;0.000;0.000;0.0
17/12/2006;04:29:00;0.288;0.088;245.080;1.200;0.000;0.000;0.0
17/12/2006;04:30:00;0.756;0.092;245.690;3.800;0.000;0.000;5.0
17/12/2006;04:31:00;3.498;0.050;242.830;14.400;0.000;0.000;19.0
17/12/2006;04:32:00;3.522;0.054;242.920;14.400;0.000;1.000;18.0
17/12/2006;04:33:00;3.460;0.000;243.030;14.200;0.000;0.000;19.0
17/12/2006;04:34:00;3.434;0.050;242.950;14.000;0.000;0.000;18.0
17/12/2006;04:35:00;1.646;0.000;245.600;7.400;0.000;0.000;19.0
17/12/2006;04:36:00;1.336;0.000;245.940;5.400;0.000;0.000;18.0
17/12/2006;04:37:00;2.874;0.000;244.160;12.400;0.000;1.000;18.0
17/12/2006;04:38:00;3.410;0.056;243.040;14.000;0.000;0.000;19.0
17/12/2006;04:39:00;3.412;0.052;242.490;14.000;0.000;0.000;18.0
17/12/2006;04:40:00;3.386;0.056;242.220;13.800;0.000;0.000;18.0
17/12/2006;04:41:00;1.844;0.048;244.070;8.200;0.000;0.000;18.0
17/12/2006;04:42:00;1.414;0.106;244.550;5.800;0.000;0.000;18.0
17/12/2006;04:43:00;3.352;0.086;242.890;14.000;0.000;1.000;18.0
17/12/2006;04:44:00;3.500;0.080;242.650;14.400;0.000;0.000;18.0
17/12/2006;04:45:00;3.516;0.084;242.630;14.400;0.000;0.000;18.0
17/12/2006;04:46:00;3.174;0.084;243.150;13.400;0.000;0.000;18.0
17/12/2006;04:47:00;1.428;0.114;245.100;5.800;0.000;0.000;19.0
17/12/2006;04:48:00;1.994;0.100;244.150;9.000;0.000;0.000;18.0
17/12/2006;04:49:00;3.492;0.082;241.830;14.400;0.000;1.000;18.0
17/12/2006;04:50:00;3.460;0.076;241.530;14.200;0.000;0.000;18.0
17/12/2006;04:51:00;3.492;0.082;242.060;14.400;0.000;0.000;18.0
17/12/2006;04:52:00;3.482;0.080;242.390;14.200;0.000;0.000;18.0
17/12/2006;04:53:00;1.492;0.104;245.950;6.200;0.000;0.000;18.0
17/12/2006;04:54:00;1.326;0.000;246.550;5.400;0.000;0.000;19.0
17/12/2006;04:55:00;3.282;0.046;243.760;13.600;0.000;1.000;18.0
17/12/2006;04:56:00;3.422;0.054;243.580;14.000;0.000;0.000;18.0
17/12/2006;04:57:00;3.424;0.050;242.950;14.000;0.000;0.000;18.0
17/12/2006;04:58:00;3.254;0.054;242.700;13.400;0.000;0.000;18.0
17/12/2006;04:59:00;1.320;0.000;244.270;5.400;0.000;0.000;18.0
17/12/2006;05:00:00;2.294;0.000;243.140;10.400;0.000;0.000;19.0
17/12/2006;05:01:00;3.400;0.052;242.010;14.000;0.000;0.000;17.0
17/12/2006;05:02:00;3.402;0.056;242.730;14.000;0.000;0.000;18.0
17/12/2006;05:03:00;3.418;0.050;242.700;14.000;0.000;1.000;18.0
17/12/2006;05:04:00;2.994;0.050;243.770;12.600;0.000;0.000;19.0
17/12/2006;05:05:00;1.326;0.000;244.660;5.400;0.000;0.000;18.0
17/12/2006;05:06:00;2.020;0.000;243.620;9.200;0.000;0.000;18.0
17/12/2006;05:07:00;3.378;0.056;241.410;14.000;0.000;0.000;18.0
17/12/2006;05:08:00;3.372;0.054;240.910;14.000;0.000;1.000;18.0
17/12/2006;05:09:00;3.374;0.046;240.820;14.000;0.000;0.000;17.0
17/12/2006;05:10:00;3.426;0.046;240.230;14.200;0.000;0.000;18.0
17/12/2006;05:11:00;1.462;0.066;242.120;6.200;0.000;0.000;18.0
17/12/2006;05:12:00;1.834;0.070;242.930;8.400;0.000;0.000;18.0
17/12/2006;05:13:00;3.462;0.046;242.130;14.200;0.000;0.000;18.0
17/12/2006;05:14:00;3.486;0.054;242.490;14.200;0.000;1.000;18.0
17/12/2006;05:15:00;2.910;0.056;243.690;12.000;0.000;0.000;9.0
17/12/2006;05:16:00;0.936;0.090;245.930;5.400;0.000;0.000;0.0
17/12/2006;05:17:00;0.338;0.152;246.450;1.600;0.000;0.000;0.0
17/12/2006;05:18:00;1.926;0.136;244.330;8.800;0.000;0.000;0.0
17/12/2006;05:19:00;2.420;0.088;242.870;9.800;0.000;0.000;0.0
17/12/2006;05:20:00;2.438;0.094;243.060;10.000;0.000;1.000;0.0
17/12/2006;05:21:00;2.430;0.092;243.670;9.800;0.000;0.000;0.0
17/12/2006;05:22:00;2.454;0.098;244.050;10.000;0.000;0.000;0.0
17/12/2006;05:23:00;0.424;0.126;246.260;2.600;0.000;0.000;0.0
17/12/2006;05:24:00;0.716;0.128;246.230;4.400;0.000;0.000;0.0
17/12/2006;05:25:00;2.462;0.098;245.160;10.000;0.000;0.000;0.0
17/12/2006;05:26:00;2.460;0.100;244.250;10.000;0.000;1.000;0.0
17/12/2006;05:27:00;2.418;0.090;243.190;9.800;0.000;0.000;0.0
17/12/2006;05:28:00;1.000;0.112;243.770;5.800;0.000;0.000;0.0
17/12/2006;05:29:00;0.298;0.118;244.730;1.200;0.000;0.000;0.0
17/12/2006;05:30:00;1.650;0.000;243.030;7.800;0.000;0.000;0.0
17/12/2006;05:31:00;2.310;0.048;242.670;9.400;0.000;0.000;0.0
17/12/2006;05:32:00;2.332;0.000;242.870;9.600;0.000;1.000;0.0
17/12/2006;05:33:00;2.242;0.046;243.030;9.200;0.000;0.000;0.0
17/12/2006;05:34:00;0.224;0.000;244.960;1.000;0.000;0.000;0.0
17/12/2006;05:35:00;0.752;0.000;244.500;4.800;0.000;0.000;0.0
17/12/2006;05:36:00;2.330;0.000;242.560;9.600;0.000;0.000;0.0
17/12/2006;05:37:00;2.322;0.000;242.610;9.400;0.000;0.000;0.0
17/12/2006;05:38:00;2.312;0.048;242.190;9.400;0.000;0.000;0.0
17/12/2006;05:39:00;0.760;0.000;243.740;4.800;0.000;1.000;0.0
17/12/2006;05:40:00;0.364;0.000;244.400;2.600;0.000;0.000;0.0
17/12/2006;05:41:00;2.336;0.000;242.390;9.600;0.000;0.000;0.0
17/12/2006;05:42:00;2.312;0.048;242.510;9.400;0.000;0.000;0.0
17/12/2006;05:43:00;2.332;0.000;242.610;9.600;0.000;0.000;0.0
17/12/2006;05:44:00;0.856;0.000;243.820;5.200;0.000;0.000;0.0
17/12/2006;05:45:00;0.864;0.000;243.550;5.400;0.000;1.000;0.0
17/12/2006;05:46:00;2.302;0.050;242.220;9.400;0.000;0.000;0.0
17/12/2006;05:47:00;2.324;0.000;242.600;9.600;0.000;0.000;0.0
17/12/2006;05:48:00;1.852;0.000;243.740;8.400;0.000;0.000;0.0
17/12/2006;05:49:00;0.226;0.000;247.080;1.000;0.000;0.000;0.0
17/12/2006;05:50:00;2.184;0.000;244.990;9.200;0.000;0.000;0.0
17/12/2006;05:51:00;2.380;0.000;245.620;9.600;0.000;1.000;0.0
17/12/2006;05:52:00;1.920;0.000;245.710;8.600;0.000;0.000;0.0
17/12/2006;05:53:00;0.254;0.000;246.970;1.200;0.000;0.000;0.0
17/12/2006;05:54:00;2.164;0.098;244.630;9.200;0.000;0.000;0.0
17/12/2006;05:55:00;2.554;0.188;244.720;10.400;0.000;0.000;0.0
17/12/2006;05:56:00;2.026;0.212;245.140;9.000;0.000;0.000;0.0
17/12/2006;05:57:00;0.414;0.244;246.580;2.000;0.000;1.000;0.0
17/12/2006;05:58:00;2.106;0.206;244.280;9.200;0.000;0.000;0.0
17/12/2006;05:59:00;2.522;0.202;243.580;10.400;0.000;0.000;0.0
17/12/2006;06:00:00;2.076;0.206;244.360;9.200;0.000;0.000;0.0
17/12/2006;06:01:00;0.402;0.238;245.770;1.800;0.000;0.000;0.0
17/12/2006;06:02:00;2.118;0.204;243.950;9.200;0.000;0.000;0.0
17/12/2006;06:03:00;2.486;0.176;243.010;10.200;0.000;1.000;0.0
17/12/2006;06:04:00;1.340;0.200;245.340;7.000;0.000;1.000;0.0
17/12/2006;06:05:00;0.666;0.258;246.000;4.000;0.000;1.000;0.0
17/12/2006;06:06:00;2.440;0.110;243.700;10.000;0.000;2.000;0.0
17/12/2006;06:07:00;2.426;0.082;243.530;9.800;0.000;2.000;0.0
17/12/2006;06:08:00;1.278;0.096;243.920;6.800;0.000;1.000;0.0
17/12/2006;06:09:00;0.430;0.106;244.990;2.800;0.000;2.000;0.0
17/12/2006;06:10:00;2.426;0.080;243.060;10.000;0.000;1.000;0.0
17/12/2006;06:11:00;2.382;0.072;241.950;9.800;0.000;2.000;0.0
17/12/2006;06:12:00;2.406;0.078;242.350;9.800;0.000;2.000;0.0
17/12/2006;06:13:00;0.330;0.106;244.820;1.800;0.000;1.000;0.0
17/12/2006;06:14:00;1.208;0.098;243.990;6.600;0.000;2.000;0.0
17/12/2006;06:15:00;2.406;0.076;242.910;9.800;0.000;1.000;0.0
17/12/2006;06:16:00;2.442;0.086;242.840;10.000;0.000;2.000;0.0
17/12/2006;06:17:00;2.426;0.082;243.090;10.000;0.000;1.000;0.0
17/12/2006;06:18:00;2.432;0.084;242.410;10.000;0.000;2.000;0.0
17/12/2006;06:19:00;2.414;0.080;242.630;9.800;0.000;1.000;0.0
17/12/2006;06:20:00;0.484;0.116;244.860;2.400;0.000;2.000;0.0
17/12/2006;06:21:00;0.312;0.112;245.050;1.400;0.000;1.000;0.0
17/12/2006;06:22:00;2.352;0.088;243.360;9.800;0.000;2.000;0.0
17/12/2006;06:23:00;2.428;0.084;243.660;9.800;0.000;1.000;0.0
17/12/2006;06:24:00;2.582;0.092;244.020;10.600;0.000;2.000;0.0
17/12/2006;06:25:00;2.784;0.086;243.850;11.400;0.000;1.000;0.0
17/12/2006;06:26:00;2.680;0.090;243.730;11.000;0.000;1.000;0.0
17/12/2006;06:27:00;1.420;0.098;244.930;7.000;0.000;2.000;0.0
17/12/2006;06:28:00;0.908;0.088;244.830;3.800;0.000;1.000;0.0
17/12/2006;06:29:00;3.194;0.048;242.050;13.200;0.000;0.000;0.0
17/12/2006;06:30:00;3.328;0.094;241.890;13.600;0.000;0.000;0.0
17/12/2006;06:31:00;2.670;0.094;242.620;11.600;0.000;0.000;0.0
17/12/2006;06:32:00;1.238;0.124;244.760;5.000;0.000;1.000;0.0
17/12/2006;06:33:00;1.120;0.116;244.400;4.600;0.000;0.000;0.0
17/12/2006;06:34:00;0.592;0.128;245.390;2.600;0.000;0.000;0.0
17/12/2006;06:35:00;0.800;0.122;245.940;3.200;0.000;0.000;0.0
17/12/2006;06:36:00;0.820;0.126;245.840;3.400;0.000;0.000;0.0
17/12/2006;06:37:00;0.796;0.116;244.500;3.200;0.000;0.000;0.0
17/12/2006;06:38:00;0.798;0.116;244.020;3.200;0.000;1.000;0.0
17/12/2006;06:39:00;0.694;0.120;244.130;2.800;0.000;0.000;0.0
17/12/2006;06:40:00;0.694;0.136;244.350;3.000;0.000;0.000;0.0
17/12/2006;06:41:00;0.758;0.228;244.300;3.200;0.000;0.000;0.0
17/12/2006;06:42:00;0.682;0.140;244.140;2.800;0.000;0.000;0.0
17/12/2006;06:43:00;0.664;0.090;244.490;2.600;0.000;1.000;0.0
17/12/2006;06:44:00;0.642;0.084;244.140;2.600;0.000;0.000;0.0
17/12/2006;06:45:00;0.660;0.088;243.940;2.600;0.000;0.000;0.0
17/12/2006;06:46:00;0.636;0.082;243.580;2.600;0.000;0.000;0.0
17/12/2006;06:47:00;0.660;0.090;244.640;2.600;0.000;0.000;0.0
17/12/2006;06:48:00;0.638;0.084;244.260;2.600;0.000;0.000;0.0
17/12/2006;06:49:00;0.478;0.092;244.460;2.000;0.000;1.000;0.0
17/12/2006;06:50:00;0.316;0.000;245.540;1.200;0.000;0.000;0.0
17/12/2006;06:51:00;0.330;0.000;246.010;1.400;0.000;0.000;0.0
17/12/2006;06:52:00;0.380;0.000;245.940;1.600;0.000;0.000;0.0
17/12/2006;06:53:00;0.522;0.000;245.220;2.200;0.000;0.000;0.0
17/12/2006;06:54:00;0.422;0.000;244.450;1.800;0.000;0.000;0.0
17/12/2006;06:55:00;0.262;0.000;243.960;1.200;0.000;1.000;0.0
17/12/2006;06:56:00;0.220;0.000;243.390;1.000;0.000;0.000;0.0
17/12/2006;06:57:00;0.246;0.000;244.350;1.000;0.000;0.000;0.0
17/12/2006;06:58:00;0.212;0.000;244.260;0.800;0.000;0.000;0.0
17/12/2006;06:59:00;0.242;0.000;244.620;1.000;0.000;0.000;0.0
17/12/2006;07:00:00;0.222;0.000;244.670;1.000;0.000;0.000;0.0
17/12/2006;07:01:00;0.240;0.000;244.230;1.000;0.000;1.000;0.0
17/12/2006;07:02:00;0.216;0.000;244.870;1.000;0.000;0.000;0.0
17/12/2006;07:03:00;0.228;0.000;243.640;1.000;0.000;0.000;0.0
17/12/2006;07:04:00;0.210;0.000;242.490;0.800;0.000;0.000;0.0
17/12/2006;07:05:00;0.276;0.000;242.250;1.400;0.000;0.000;0.0
17/12/2006;07:06:00;0.322;0.104;242.080;1.400;0.000;0.000;0.0
17/12/2006;07:07:00;0.336;0.108;241.890;1.400;0.000;0.000;0.0
17/12/2006;07:08:00;0.318;0.108;242.080;1.400;0.000;0.000;0.0
17/12/2006;07:09:00;0.314;0.110;242.570;1.400;0.000;1.000;0.0
17/12/2006;07:10:00;0.328;0.114;243.040;1.400;0.000;0.000;0.0
17/12/2006;07:11:00;0.308;0.108;242.590;1.400;0.000;0.000;0.0
17/12/2006;07:12:00;0.326;0.112;242.550;1.400;0.000;0.000;0.0
17/12/2006;07:13:00;0.304;0.108;242.800;1.400;0.000;0.000;0.0
17/12/2006;07:14:00;2.206;0.086;240.970;9.400;0.000;1.000;0.0
17/12/2006;07:15:00;2.338;0.072;239.160;9.600;0.000;0.000;0.0
17/12/2006;07:16:00;2.362;0.076;239.210;9.800;0.000;0.000;0.0
17/12/2006;07:17:00;2.356;0.074;239.790;9.800;0.000;0.000;0.0
17/12/2006;07:18:00;2.324;0.000;239.780;9.600;0.000;0.000;0.0
17/12/2006;07:19:00;2.264;0.056;239.920;9.400;0.000;0.000;0.0
17/12/2006;07:20:00;2.280;0.052;240.030;9.400;0.000;1.000;0.0
17/12/2006;07:21:00;2.258;0.056;239.900;9.400;0.000;0.000;0.0
17/12/2006;07:22:00;2.306;0.048;241.230;9.400;0.000;0.000;0.0
17/12/2006;07:23:00;2.288;0.054;241.350;9.400;0.000;0.000;0.0
17/12/2006;07:24:00;2.300;0.048;241.010;9.400;0.000;0.000;0.0
17/12/2006;07:25:00;2.346;0.000;241.570;9.600;0.000;0.000;0.0
17/12/2006;07:26:00;2.378;0.054;241.270;9.800;0.000;1.000;0.0
17/12/2006;07:27:00;2.346;0.048;240.920;9.600;0.000;0.000;0.0
17/12/2006;07:28:00;2.350;0.050;240.040;9.800;0.000;0.000;0.0
17/12/2006;07:29:00;2.326;0.000;239.390;9.600;0.000;0.000;0.0
17/12/2006;07:30:00;2.336;0.048;238.930;9.600;0.000;0.000;0.0
17/12/2006;07:31:00;2.326;0.000;239.460;9.600;0.000;0.000;0.0
17/12/2006;07:32:00;0.504;0.080;242.270;3.200;0.000;1.000;0.0
17/12/2006;07:33:00;0.268;0.076;242.220;1.200;0.000;0.000;0.0
17/12/2006;07:34:00;1.734;0.000;242.550;8.000;0.000;0.000;0.0
17/12/2006;07:35:00;2.318;0.050;242.880;9.400;0.000;0.000;0.0
17/12/2006;07:36:00;2.322;0.046;242.180;9.600;0.000;0.000;0.0
17/12/2006;07:37:00;2.302;0.052;242.160;9.400;0.000;0.000;0.0
17/12/2006;07:38:00;2.318;0.046;241.970;9.400;0.000;1.000;0.0
17/12/2006;07:39:00;2.302;0.050;241.710;9.400;0.000;0.000;0.0
17/12/2006;07:40:00;2.290;0.052;241.530;9.400;0.000;0.000;0.0
17/12/2006;07:41:00;2.376;0.000;241.300;9.800;0.000;0.000;0.0
17/12/2006;07:42:00;0.368;0.114;244.310;2.000;0.000;0.000;0.0
17/12/2006;07:43:00;0.332;0.124;244.830;1.400;0.000;0.000;0.0
17/12/2006;07:44:00;1.734;0.096;243.370;8.200;0.000;0.000;0.0
17/12/2006;07:45:00;2.416;0.088;242.040;10.000;0.000;1.000;0.0
17/12/2006;07:46:00;2.400;0.084;242.240;9.800;0.000;0.000;0.0
17/12/2006;07:47:00;2.418;0.088;242.100;10.000;0.000;0.000;0.0
17/12/2006;07:48:00;2.388;0.082;241.560;9.800;0.000;0.000;0.0
17/12/2006;07:49:00;2.406;0.086;241.570;9.800;0.000;0.000;0.0
17/12/2006;07:50:00;2.378;0.080;241.330;9.800;0.000;0.000;0.0
17/12/2006;07:51:00;1.164;0.108;243.280;6.400;0.000;1.000;0.0
17/12/2006;07:52:00;0.300;0.118;244.950;1.200;0.000;0.000;0.0
17/12/2006;07:53:00;0.700;0.120;244.830;4.400;0.000;0.000;0.0
17/12/2006;07:54:00;2.376;0.000;242.850;9.800;0.000;0.000;0.0
17/12/2006;07:55:00;2.320;0.046;242.060;9.600;0.000;0.000;0.0
17/12/2006;07:56:00;2.278;0.054;241.040;9.400;0.000;0.000;0.0
17/12/2006;07:57:00;2.280;0.050;240.310;9.400;0.000;1.000;0.0
17/12/2006;07:58:00;2.278;0.054;240.950;9.400;0.000;0.000;0.0
17/12/2006;07:59:00;2.294;0.050;240.670;9.400;0.000;0.000;0.0
17/12/2006;08:00:00;2.280;0.056;240.900;9.400;0.000;0.000;0.0
17/12/2006;08:01:00;2.300;0.050;240.970;9.400;0.000;0.000;0.0
17/12/2006;08:02:00;0.210;0.000;243.210;1.200;0.000;0.000;0.0
17/12/2006;08:03:00;0.216;0.000;243.600;1.000;0.000;1.000;0.0
17/12/2006;08:04:00;2.256;0.052;241.990;9.400;0.000;0.000;0.0
17/12/2006;08:05:00;2.312;0.048;241.620;9.400;0.000;0.000;0.0
17/12/2006;08:06:00;2.288;0.052;241.370;9.400;0.000;0.000;0.0
17/12/2006;08:07:00;2.308;0.048;241.440;9.400;0.000;0.000;0.0
17/12/2006;08:08:00;2.272;0.054;240.620;9.400;0.000;0.000;0.0
17/12/2006;08:09:00;2.354;0.000;241.270;9.600;0.000;1.000;0.0
17/12/2006;08:10:00;0.616;0.084;243.880;4.000;0.000;0.000;0.0
17/12/2006;08:11:00;0.282;0.082;243.680;1.200;0.000;0.000;0.0
17/12/2006;08:12:00;1.780;0.060;241.110;8.400;0.000;0.000;0.0
17/12/2006;08:13:00;2.348;0.048;240.670;9.600;0.000;0.000;0.0
17/12/2006;08:14:00;2.368;0.054;241.100;9.800;0.000;1.000;0.0
17/12/2006;08:15:00;2.362;0.052;241.840;9.600;0.000;0.000;0.0
17/12/2006;08:16:00;2.378;0.056;241.480;9.800;0.000;0.000;0.0
17/12/2006;08:17:00;2.430;0.134;240.970;10.000;0.000;0.000;0.0
17/12/2006;08:18:00;2.512;0.256;239.370;10.400;0.000;2.000;0.0
17/12/2006;08:19:00;0.616;0.226;241.480;3.800;0.000;1.000;0.0
17/12/2006;08:20:00;0.398;0.234;241.860;1.800;0.000;2.000;0.0
17/12/2006;08:21:00;1.528;0.212;241.110;7.600;0.000;1.000;0.0
17/12/2006;08:22:00;2.484;0.208;241.060;10.200;0.000;2.000;0.0
17/12/2006;08:23:00;2.462;0.202;241.060;10.200;0.000;1.000;0.0
17/12/2006;08:24:00;2.502;0.214;242.360;10.200;0.000;2.000;0.0
17/12/2006;08:25:00;2.484;0.210;242.660;10.200;0.000;1.000;0.0
17/12/2006;08:26:00;2.486;0.212;242.060;10.200;0.000;2.000;0.0
17/12/2006;08:27:00;2.040;0.214;242.400;9.000;0.000;2.000;0.0
17/12/2006;08:28:00;0.402;0.246;244.020;2.000;0.000;1.000;0.0
17/12/2006;08:29:00;0.380;0.240;243.780;1.800;0.000;2.000;0.0
17/12/2006;08:30:00;1.876;0.196;241.390;8.600;0.000;1.000;0.0
17/12/2006;08:31:00;2.360;0.068;241.030;9.800;0.000;2.000;0.0
17/12/2006;08:32:00;2.364;0.070;240.690;9.800;0.000;1.000;0.0
17/12/2006;08:33:00;2.336;0.064;240.110;9.600;0.000;2.000;0.0
17/12/2006;08:34:00;2.352;0.068;239.680;9.800;0.000;1.000;0.0
17/12/2006;08:35:00;2.340;0.064;240.170;9.600;0.000;2.000;0.0
17/12/2006;08:36:00;2.360;0.070;240.340;9.800;0.000;1.000;0.0
17/12/2006;08:37:00;0.914;0.088;242.650;5.400;0.000;1.000;0.0
17/12/2006;08:38:00;0.290;0.104;243.510;1.200;0.000;2.000;0.0
17/12/2006;08:39:00;1.058;0.090;243.080;6.000;0.000;1.000;0.0
17/12/2006;08:40:00;2.374;0.070;241.420;9.800;0.000;2.000;0.0
17/12/2006;08:41:00;2.388;0.076;241.940;9.800;0.000;1.000;0.0
17/12/2006;08:42:00;2.358;0.000;242.680;9.600;0.000;1.000;0.0
17/12/2006;08:43:00;2.294;0.050;241.020;9.400;0.000;1.000;0.0
17/12/2006;08:44:00;2.278;0.054;241.320;9.400;0.000;0.000;0.0
17/12/2006;08:45:00;2.280;0.050;240.080;9.400;0.000;0.000;0.0
17/12/2006;08:46:00;0.268;0.000;241.700;1.800;0.000;0.000;0.0
17/12/2006;08:47:00;0.222;0.000;242.470;1.000;0.000;0.000;0.0
17/12/2006;08:48:00;1.622;0.046;241.270;7.800;0.000;0.000;0.0
17/12/2006;08:49:00;2.296;0.048;241.030;9.400;0.000;1.000;0.0
17/12/2006;08:50:00;2.278;0.054;241.140;9.400;0.000;0.000;0.0
17/12/2006;08:51:00;2.296;0.050;240.700;9.400;0.000;0.000;0.0
17/12/2006;08:52:00;2.260;0.056;239.730;9.400;0.000;0.000;0.0
17/12/2006;08:53:00;2.940;0.218;238.570;12.400;0.000;0.000;0.0
17/12/2006;08:54:00;2.792;0.170;238.510;11.600;0.000;0.000;0.0
17/12/2006;08:55:00;1.158;0.248;239.960;6.000;0.000;1.000;0.0
17/12/2006;08:56:00;0.932;0.398;240.250;4.200;0.000;0.000;0.0
17/12/2006;08:57:00;2.514;0.368;239.100;11.200;0.000;0.000;0.0
17/12/2006;08:58:00;2.984;0.334;239.270;12.400;0.000;1.000;0.0
17/12/2006;08:59:00;2.996;0.338;238.940;12.600;0.000;1.000;0.0
17/12/2006;09:00:00;2.940;0.310;239.090;12.200;0.000;1.000;0.0
17/12/2006;09:01:00;3.278;0.158;239.630;14.200;0.000;7.000;0.0
17/12/2006;09:02:00;5.908;0.134;237.900;25.400;0.000;38.000;0.0
17/12/2006;09:03:00;7.064;0.124;235.570;30.000;0.000;37.000;0.0
17/12/2006;09:04:00;6.926;0.118;235.350;29.400;0.000;37.000;0.0
17/12/2006;09:05:00;6.580;0.056;235.150;28.200;0.000;38.000;0.0
17/12/2006;09:06:00;6.050;0.000;235.220;26.200;0.000;37.000;0.0
17/12/2006;09:07:00;6.104;0.050;235.320;25.800;0.000;37.000;0.0
17/12/2006;09:08:00;4.762;0.088;237.440;20.000;0.000;38.000;0.0
17/12/2006;09:09:00;4.506;0.088;237.250;19.000;0.000;38.000;0.0
17/12/2006;09:10:00;4.472;0.088;236.340;18.800;0.000;37.000;0.0
17/12/2006;09:11:00;3.708;0.084;236.820;16.200;0.000;27.000;0.0
17/12/2006;09:12:00;0.724;0.054;240.880;4.600;0.000;2.000;0.0
17/12/2006;09:13:00;1.892;0.066;239.370;9.000;0.000;26.000;0.0
17/12/2006;09:14:00;2.012;0.000;239.170;9.000;0.000;2.000;0.0
17/12/2006;09:15:00;2.372;0.000;238.360;9.800;0.000;1.000;0.0
17/12/2006;09:16:00;2.386;0.000;238.960;10.000;0.000;0.000;0.0
17/12/2006;09:17:00;2.400;0.064;238.590;10.000;0.000;1.000;0.0
17/12/2006;09:18:00;2.424;0.068;238.480;10.000;0.000;2.000;0.0
17/12/2006;09:19:00;1.066;0.050;240.000;6.000;0.000;1.000;0.0
17/12/2006;09:20:00;0.380;0.000;240.770;1.600;0.000;2.000;0.0
17/12/2006;09:21:00;1.632;0.000;239.720;7.800;0.000;1.000;0.0
17/12/2006;09:22:00;2.410;0.000;239.470;10.000;0.000;1.000;0.0
17/12/2006;09:23:00;2.380;0.062;239.450;9.800;0.000;0.000;0.0
17/12/2006;09:24:00;2.402;0.060;239.230;10.000;0.000;1.000;0.0
17/12/2006;09:25:00;2.438;0.066;239.370;10.200;0.000;1.000;0.0
17/12/2006;09:26:00;2.432;0.066;239.180;10.000;0.000;1.000;0.0
17/12/2006;09:27:00;1.640;0.054;239.870;8.000;0.000;2.000;0.0
17/12/2006;09:28:00;0.424;0.000;240.710;1.800;0.000;2.000;0.0
17/12/2006;09:29:00;1.410;0.124;239.520;7.200;0.000;5.000;0.0
17/12/2006;09:30:00;2.722;0.136;237.510;11.400;0.000;5.000;0.0
17/12/2006;09:31:00;2.712;0.136;237.440;11.400;0.000;5.000;0.0
17/12/2006;09:32:00;2.706;0.134;237.390;11.400;0.000;5.000;0.0
17/12/2006;09:33:00;2.488;0.112;237.700;10.400;0.000;1.000;0.0
17/12/2006;09:34:00;2.424;0.072;238.730;10.000;0.000;0.000;0.0
17/12/2006;09:35:00;1.258;0.184;239.790;6.800;0.000;0.000;0.0
17/12/2006;09:36:00;0.370;0.206;240.850;1.800;0.000;0.000;0.0
17/12/2006;09:37:00;0.786;0.202;240.730;4.800;0.000;0.000;0.0
17/12/2006;09:38:00;2.474;0.176;238.590;10.400;0.000;0.000;0.0
17/12/2006;09:39:00;2.474;0.176;238.580;10.400;0.000;0.000;0.0
17/12/2006;09:40:00;2.488;0.178;239.210;10.400;0.000;0.000;0.0
17/12/2006;09:41:00;2.486;0.178;239.290;10.400;0.000;0.000;0.0
17/12/2006;09:42:00;2.444;0.130;238.640;10.200;0.000;0.000;0.0
17/12/2006;09:43:00;2.272;0.048;239.040;9.600;0.000;0.000;0.0
17/12/2006;09:44:00;0.338;0.076;241.210;1.400;0.000;0.000;0.0
17/12/2006;09:45:00;0.290;0.000;241.100;1.400;0.000;0.000;0.0
17/12/2006;09:46:00;1.466;0.000;240.920;7.400;0.000;0.000;0.0
17/12/2006;09:47:00;2.324;0.050;239.840;9.600;0.000;0.000;0.0
17/12/2006;09:48:00;2.320;0.052;239.140;9.600;0.000;0.000;0.0
17/12/2006;09:49:00;2.308;0.052;238.590;9.600;0.000;0.000;0.0
17/12/2006;09:50:00;2.314;0.054;238.760;9.600;0.000;0.000;0.0
17/12/2006;09:51:00;2.312;0.052;239.030;9.600;0.000;0.000;0.0
17/12/2006;09:52:00;2.306;0.052;239.260;9.600;0.000;0.000;0.0
17/12/2006;09:53:00;0.444;0.000;241.820;3.000;0.000;0.000;0.0
17/12/2006;09:54:00;0.268;0.000;242.480;1.200;0.000;0.000;0.0
17/12/2006;09:55:00;1.846;0.046;240.120;8.400;0.000;0.000;0.0
17/12/2006;09:56:00;2.308;0.054;238.670;9.600;0.000;0.000;0.0
17/12/2006;09:57:00;2.290;0.056;238.040;9.600;0.000;0.000;0.0
17/12/2006;09:58:00;2.288;0.056;238.090;9.600;0.000;0.000;0.0
17/12/2006;09:59:00;2.296;0.054;238.130;9.600;0.000;0.000;0.0
17/12/2006;10:00:00;2.292;0.054;238.030;9.600;0.000;0.000;0.0
17/12/2006;10:01:00;0.370;0.000;240.260;2.400;0.000;0.000;0.0
17/12/2006;10:02:00;0.472;0.000;240.150;2.400;0.000;0.000;0.0
17/12/2006;10:03:00;3.054;0.060;237.550;13.400;0.000;0.000;18.0
